9586
44395
83528
25336
50554
3889
60131
43601
83678
80540
78545
90178
12815
85793
95159
31536
65319
8486
55311
96769
61993
16587
26717
23020
25689
91937
21865
73451
66916
9387
8721
76503
53783
92250
1839
4338
96139
61971
47939
79817
42511
26485
69995
55327
12278
65155
86863
77598
73642
42175
74367
35635
58762
1084
58656
84452
93022
80521
57904
59938
89909
66625
36442
43693
58875
38282
48032
55014
253
95971
34832
42765
22456
4828
98092
34735
69984
84956
12333
43626
27132
86701
79262
85895
87785
37919
70348
80808
18441
28252
40747
8351
94878
77189
52044
53753
15471
76
8768
15725
