90893
21095
8861
25085
76019
43020
86350
5508
37688
84750
55054
43178
49380
53936
6151
35465
33162
90973
39962
94355
8565
94153
36490
25568
59778
67032
9646
71100
87621
82413
85356
78514
3508
94218
3600
79527
37239
89950
85035
74927
74701
40090
18105
24081
94026
24257
59546
27188
15230
99509
21544
23796
93662
58035
49364
53441
25068
59011
24541
12689
41424
9898
91203
44933
4117
94804
24461
41356
84754
9496
16283
59455
49586
34389
83537
43613
58646
43083
70802
73877
42592
92346
97673
36255
50382
47038
89696
75450
6049
14238
88140
47474
24136
79343
92407
28253
74147
16868
69609
58902
26365
85893
18357
75952
20283
1895
19565
78929
44978
90367
52806
87571
82714
50480
23826
33097
97518
13523
8547
3567
27761
96687
51042
51898
76031
43450
80151
50179
60319
49761
9082
86684
35655
27440
62637
55938
29335
82203
34868
74313
72571
87674
61885
55286
38155
85712
88383
35673
99235
96931
39240
26996
93619
90283
78894
69650
33733
59046
19830
94052
8808
28912
80737
44464
56352
43374
402
85687
25578
35270
60001
98149
22945
21886
53435
61100
7598
41818
96773
6834
38750
36014
33831
32369
26298
12726
2019
60031
71772
21850
54084
80581
50763
34821
25045
7115
78196
25448
92803
3774
60718
52805
1924
83664
74692
55359
44765
82291
97178
41539
89125
35928
77553
22956
68298
3851
35682
70318
63883
7455
92168
17967
88036
42931
52789
13082
50047
30985
38530
42851
34760
99249
95656
36684
82913
70348
92044
27678
52639
89222
69217
41765
25151
46771
64721
93450
50623
404
63768
14506
7859
55936
32474
95896
98868
85263
8978
48915
16249
47509
91767
51009
46758
87423
87693
29672
57772
79737
57351
10412
68960
26569
52177
94112
73340
16898
87562
23964
17302
51330
38471
25162
7266
70946
21058
6135
56209
30037
55051
72458
77546
46818
23467
24305
34242
11161
53977
92014
90898
11329
2426
59859
37898
54603
53971
11239
71502
41533
35204
88804
92863
73675
13967
130
44621
35025
6266
831
65063
61317
73289
42609
8135
96757
66915
42377
7919
20893
34392
98817
32222
36819
58676
70121
91422
12648
81360
62925
54181
16564
51730
47045
90240
65697
47176
34861
722
53442
35692
65786
14760
8982
8396
22895
5740
75311
65273
13659
96204
99666
12477
28427
36485
71154
98548
27907
83802
79908
90833
37984
96473
42563
85029
86713
8260
32206
21575
8983
85649
57267
74769
409
66250
83165
23305
71991
58477
88578
85651
54682
88245
98128
83109
24730
69282
81657
52638
53085
61566
43471
91069
58040
86034
76099
44753
94294
8306
66328
3278
93955
23596
78047
94364
89847
61213
17670
61838
19690
6249
47489
74372
94494
45618
57482
19224
14901
39139
71862
67986
706
15333
59056
58746
1368
35155
3500
95663
43461
69828
98941
37417
93425
76988
31781
83272
38202
49452
45111
57892
55701
92601
32265
50195
38219
89747
69420
53121
28887
41282
21107
29593
56616
80163
88340
57984
15319
91840
53648
58781
61669
52589
96198
55094
29578
27980
38366
67780
77432
83477
25673
33133
76078
57938
83329
14298
47686
52749
67419
76573
94032
88527
6167
50648
68691
94508
8633
84010
86348
62281
42792
48018
14870
38990
3112
44449
66970
41479
12229
44403
24956
37903
77537
1035
95842
60866
15334
43528
13616
82753
20102
7648
71280
26270
58297
39971
20778
66930
23982
7127
29212
66774
55145
44083
5765
58258
88532
72736
99737
762
17139
24694
38665
94677
25729
34507
55544
41063
78036
69160
23817
98139
76809
95097
24409
35106
35069
45188
2037
59052
52316
31249
25827
7461
75333
31592
65720
63865
4328
65457
64627
21468
90151
3293
16145
15881
37801
71690
56945
15838
40850
80762
13977
17659
75860
38387
52766
10930
83575
54803
69982
35891
86053
95809
43353
61386
27402
9073
25252
31731
74531
89880
53199
64683
93173
69345
80564
30975
41036
37510
46813
81886
18273
60790
99546
94133
99178
52313
5063
82753
7117
75046
18645
93170
70856
61999
54557
98258
71072
79809
29990
45604
69689
83190
10287
62863
52536
90852
93839
93572
28362
40652
75458
46635
1443
75005
40769
621
27318
45833
83375
34435
20879
2020
27606
91736
64019
82163
89995
35092
61973
19985
80696
31663
3175
90984
94527
55711
81836
88366
49283
10199
29018
24742
56835
30462
99748
97604
31083
27067
43437
14459
61502
64317
16479
89109
56054
80499
71273
46049
15591
33246
66035
96288
64909
69211
87273
59436
24922
69110
47803
74206
79309
76821
98949
36144
7284
98697
33749
38368
25764
77187
52827
87267
41505
69306
76376
97559
49806
47650
43609
65398
80896
9644
61686
45806
78855
48960
5243
3778
18070
53046
77985
97379
29868
76934
33524
37152
75632
67274
75520
1396
44461
28347
88664
85966
97654
65041
83526
47460
12691
27135
12858
93587
36780
74545
39394
15636
23505
44637
19415
41575
97684
97400
38955
27552
74335
72480
64705
49967
39754
40225
51363
84216
68573
40027
70183
66227
5068
53709
13688
17760
80845
26547
11347
17625
1093
50742
33262
24598
95380
52677
66174
93064
50077
5130
20617
24412
77611
85322
74379
17366
25548
25743
1582
94122
65771
71765
60349
70840
25475
74038
88600
6320
586
99948
23946
1679
50690
57208
26278
46071
9885
92453
39135
59963
97583
59753
84376
75195
45076
58756
92561
70625
84500
94143
64747
50271
65909
25097
21111
91384
99135
9711
97704
99721
9659
21651
1401
60350
78859
27679
6421
88745
20132
45557
48709
17716
5310
33086
92911
50387
91843
85473
21012
76343
79616
85759
26614
45526
10857
47726
36910
9992
57438
34615
9714
67097
56266
11115
27447
35126
38795
33869
23872
58927
79426
72582
76644
84737
5668
69555
35124
97511
55028
56137
73854
34645
41897
469
80171
52754
48196
17082
62747
5634
51698
72461
72732
7965
83577
180
43091
22372
34049
66964
81299
13475
39546
57944
98212
45214
27499
33337
42726
82528
89474
16581
17174
31371
17050
97346
84125
65247
14429
46872
70881
66127
19334
43613
74092
2912
43793
17184
25284
77843
84149
6584
91318
23695
64528
89531
68910
92028
22868
11636
74557
12343
28217
91731
43714
45268
89078
27840
10515
3507
74713
81396
69634
94048
25010
43727
96960
68804
60912
22244
46647
45061
28829
37966
68756
93357
27498
37666
85385
50367
49303
59942
62710
77520
51674
6425
22788
40752
34266
33304
44259
8979
14700
13894
3028
39711
57622
99988
8515
18534
22233
55163
63595
51062
93129
32351
44419
20628
70018
29805
70995
19321
89748
33706
96842
41423
40131
19631
82176
74397
52935
26436
83377
67636
40330
86405
7347
97952
86394
15863
16486
8627
71026
80082
59689
64156
12433
4109
84784
82452
33915
55780
1773
23664
89486
98616
65087
29618
18247
47263
4016
71183
73699
87393
38819
14030
73799
46167
11983
60193
62030
28470
68821
33057
8552
28511
97214
20985
32620
81999
3438
66536
37779
5211
90200
27266
3828
55287
56884
22075
2551
60900
93258
76250
48294
32078
90281
22093
78245
2264
82287
40276
30734
51109
73333
39287
79620
70547
60273
12241
52546
63711
78777
90326
68923
68977
17592
72751
24265
74476
94827
26816
35377
88086
3067
83671
20164
93348
5765
98410
95613
88053
38686
26348
39162
12020
65635
18782
82567
25908
31023
35114
89619
9800
25440
58542
78778
43033
31294
3043
17510
26121
29860
52887
14207
32927
36558
34372
26276
42323
32782
21890
30376
71469
48238
69539
83489
13874
88321
66057
39783
19345
1171
29403
29146
26612
87946
7924
69645
19240
10968
87155
45362
40828
40043
59569
73755
76601
93942
32
18925
26724
21922
49302
98194
70160
18841
81683
84035
7163
47740
23818
26509
48912
53221
55655
75525
41168
63580
45171
60408
74549
32327
5770
15377
72370
65340
89133
48972
59282
89165
67898
86007
11088
17200
84201
81249
36042
65885
65284
43206
13626
89103
69715
62538
42325
25370
38064
83493
88951
83235
43902
63500
15562
49672
78878
87932
15013
68011
36904
74296
57177
4802
60303
68266
22003
44505
49515
58046
10391
14800
1252
24017
3903
70967
86556
46229
96338
24620
29722
85290
7855
73625
48790
23418
23298
27669
11350
38311
95681
48255
12607
52859
53058
72911
21125
75061
17417
70641
33108
27809
85441
34360
51826
89345
5328
38383
35574
1666
63004
65297
86957
70860
38922
35747
94278
62220
63417
5629
532
59098
53884
13139
11957
6943
86051
33082
82005
3469
3723
15113
31278
89165
49473
83105
78510
54801
21488
14085
56468
84493
79383
43425
55353
18305
79173
49631
80526
42590
55261
81058
1689
9146
94198
13646
16089
80250
46729
98094
83719
50453
13207
14997
39619
62681
98103
18129
17483
19591
32215
73951
4084
11598
17377
59438
29904
96551
9070
10431
39142
64331
91490
40831
73477
85689
54478
89566
65939
1208
87661
49659
51661
868
64657
91281
63549
62760
9411
81033
82352
41626
54985
86436
53225
72362
45875
83129
68914
54945
93561
8056
19277
85051
48888
92754
70740
3367
82321
36679
4575
69982
86339
56237
70850
50996
47518
34400
13756
56929
15433
96108
98556
70419
82545
51781
42781
28420
34911
11696
83366
28472
19753
2643
13523
68641
95397
84263
72009
77719
20943
76584
47701
7283
32822
18552
58279
80340
52953
72036
37270
68387
68144
35826
38806
50690
87607
81587
79111
22518
93284
62477
50990
13037
65120
64514
81678
60518
48778
53687
38237
69721
30272
85939
77004
63094
4491
35284
43435
57444
7320
80705
25831
75465
16532
64637
26155
4139
46225
5266
26658
39509
67743
77649
52546
32864
42163
34225
93383
90941
87913
31620
60663
18186
17560
37668
81280
22051
72952
24716
79495
80273
5421
5327
55738
21953
69965
81893
26093
16190
87160
52751
55700
54903
30401
8247
87768
72564
42473
81151
63506
30386
12772
24170
48572
30332
61839
29853
52384
34792
54569
31880
15065
59991
37207
70803
81944
7172
52697
8038
23363
39857
60790
79064
94761
91191
87311
82529
63756
29784
63681
27263
60171
76454
51433
8743
6786
13272
38597
59171
48064
93166
91051
63130
53158
28258
33933
35102
35431
86631
43141
58795
26489
3931
37859
21250
95122
25170
3780
58878
54955
67462
86142
15126
43916
37575
23870
50703
50848
62468
9874
98912
55634
925
62043
8792
29184
95977
43895
64616
82608
87036
23411
9097
90968
61270
30348
86090
86441
34129
44969
41397
1591
31111
56524
45507
68687
80394
96211
19535
42862
6085
18448
98497
7011
80491
7290
36195
76468
51186
811
59077
38223
24223
68175
29191
85494
98524
15282
71936
32653
60251
13333
34244
91363
69857
79752
60050
50252
75964
79586
93114
82049
98035
91612
89061
78526
98903
25257
54995
50090
26068
14073
88313
50292
82248
17505
35786
80772
32787
7722
13426
93039
21055
47671
84403
90913
27424
44453
41165
3388
24040
34280
85438
22075
25893
74499
602
24796
99756
55598
74886
25825
69671
63200
76117
51920
80705
11904
32692
13492
19626
46118
6532
40682
93790
90935
31596
21214
35389
72761
24602
59429
7042
10040
81505
32935
84540
82107
57731
84296
37705
32618
10121
7377
95818
86239
59297
76524
98144
91990
90016
17771
38109
96548
58453
31899
87483
90049
53113
22873
62811
77715
82302
69853
87756
63807
2788
72296
45915
60520
56592
83621
93139
66714
90998
88957
52954
50296
65481
51098
42286
55498
68869
80395
52047
27323
12295
39531
17373
65408
62404
80185
43124
44707
50038
30880
8515
52827
3177
54430
13348
59770
38052
6487
26485
29051
95444
79439
79347
60926
30538
21634
16425
99408
2029
68472
26732
14324
8004
44105
79733
70408
24290
22857
15116
74329
53738
23631
27156
56915
78061
40504
16686
16113
46992
43171
45165
42437
22611
24512
3363
53149
46146
19789
52558
48176
88262
79290
62501
96266
23395
42234
66675
47686
65092
81791
22016
18831
5422
49172
75747
83484
89677
92433
99598
36670
35604
44763
79107
58216
69275
82470
11365
15422
2260
63923
63598
90522
43214
26100
86788
66609
68335
53464
14296
33428
35255
36312
52259
40678
85485
28006
24162
75163
20440
23761
11833
56045
68524
90940
14261
37800
73411
25627
53222
75671
89551
16821
66193
32765
42922
52982
99375
11257
6446
13672
44685
41702
49984
96944
82380
35470
24951
6543
10633
45392
30304
22466
1438
98829
13407
15699
36629
86818
41327
89852
62490
30879
6674
28684
63644
49597
81666
63020
60854
88113
76692
5539
29816
26677
2484
12197
62147
27436
18740
72780
72829
49045
95247
74267
47875
8655
89967
84505
95473
31294
74358
57964
62174
81032
86648
25818
30630
68314
88839
91484
56428
65531
97024
86244
92209
99509
98441
54356
26945
17182
27137
99775
66227
22385
74042
14102
31040
64009
98608
26514
95304
72966
84478
57478
53999
71126
83297
84629
39441
72136
76113
95869
37668
73138
82114
29877
72647
80555
84234
99593
97737
11372
99368
63965
33757
73411
78068
64798
37421
76676
91312
32725
49642
75791
90204
3641
46918
73502
88271
86359
45639
64385
82229
83308
37523
64344
13185
10170
44899
97420
9764
42637
8792
9132
6602
42550
82543
84671
7348
19965
61347
98661
52690
10990
74452
42895
14632
21371
16397
2903
7730
62037
67288
89960
45345
4812
54304
58531
14983
99204
55951
24747
41841
64744
33880
48444
7294
16424
33115
14642
36389
94463
13303
89080
5454
87756
31975
20087
9127
48373
22991
16858
10410
90279
6819
55756
95092
61124
14287
10075
60328
70239
34822
2170
34983
68702
50614
42277
85126
83730
56920
21516
78194
70224
10596
83649
57980
42571
3736
67108
90945
26727
83966
1356
17007
90786
57112
12099
51910
71400
22174
12238
41639
56997
14408
76622
25699
65023
18899
10826
48754
75820
32342
26949
46044
42938
10598
4024
85510
14334
71132
76456
41061
55099
77813
58068
45885
34925
70168
97795
6326
92342
10034
47965
49340
24443
24587
75040
89467
43487
85866
38221
19307
18209
65170
65351
61148
75769
69376
46659
90103
40508
23116
31165
95608
929
89233
41494
35854
59402
39290
42181
51745
49324
90146
1085
73768
14733
76125
63236
58221
61992
1457
77528
80202
66628
42880
41350
42398
12256
88010
32501
52765
11126
63666
48373
12055
52900
89867
47910
12302
29157
90091
64047
78482
80237
65132
52251
94971
41258
15487
53192
3250
16945
30721
83452
83574
73601
24803
25972
85857
12814
58473
38622
23940
22140
86996
35996
75040
76864
83906
87343
6022
73998
51390
84504
54236
16523
36755
49208
57782
52243
2400
61033
69188
33122
44485
52762
6723
69289
78734
92581
82103
37208
31204
6044
59348
18201
42040
34389
95065
25947
21732
1087
99946
73123
85591
54182
89647
22347
3390
47429
74591
5791
8462
43779
38914
52948
96541
45638
22237
75276
38219
4341
12485
69424
10385
71833
87625
52426
6222
82690
78374
27955
83777
78320
1078
69369
32503
90725
91717
35894
38155
66308
41686
46617
10088
80600
99566
6630
26238
21804
81906
64457
26145
94391
33882
36531
66225
21507
88958
72448
4198
67332
403
87975
45653
1481
57345
78156
92207
49063
14050
30362
15371
55736
76980
25460
36336
76547
32090
62575
98351
13997
27033
24497
8388
60915
61029
74614
82422
49987
47062
86620
17320
47465
74596
62973
48947
31942
41130
41155
81005
55181
71518
96377
10918
48499
21837
47254
25046
53928
9830
23397
67925
36863
47895
76314
97778
8924
50928
80201
58911
97991
66822
76232
45456
41418
39206
94404
73361
80336
35560
54366
35517
7078
50744
46436
55577
72582
93690
80623
26510
3521
4021
94435
40384
51916
70749
38162
60840
21677
18364
19752
19668
85186
95985
65125
26604
35191
59530
99965
15528
95090
54332
51046
2168
5076
97482
57746
77659
91173
38369
4169
94694
42391
98604
35078
94307
69353
73241
55148
91030
91605
74901
10699
76792
70886
75825
3396
6078
35355
3362
21606
30445
57695
72653
32614
62772
70135
90360
40431
61309
28730
44600
56003
71121
43204
91082
65429
12558
64324
20578
3589
55930
95480
14288
32722
66367
90114
36119
72445
25469
39482
94052
55915
97177
66705
88529
59950
36841
78889
382
98150
7620
44982
54154
78742
88187
45236
44172
746
9560
64750
4335
65491
60230
18624
98213
26597
8738
34332
99043
34207
73814
93095
90122
70992
59801
78652
30943
96642
57542
31325
94793
65162
76308
48947
43904
64496
94183
88076
65242
3744
52827
69577
69236
13058
88201
67449
39655
96940
1782
38699
31147
75597
31795
21270
46589
91596
99922
77533
88239
57464
8858
83032
22627
85167
31980
66531
49663
26164
54608
14905
29909
7435
84483
99145
20493
72685
66594
60149
69625
68377
98848
773
43974
30643
22044
90564
22240
21967
68097
10480
79432
76956
93513
2059
62123
25493
68590
11787
51657
23198
26693
81567
30634
11176
80712
51127
83861
47307
11276
53487
15684
10125
54260
59658
40769
76305
50222
63009
98272
18320
73490
77704
95276
67003
79763
57400
92496
48354
69187
44154
71553
95880
25721
2187
7056
6434
53314
90918
53741
64591
44406
69425
74716
98667
29083
15485
74972
79306
78495
73244
97626
51985
50949
92903
18988
30712
50303
11485
79067
19490
55640
50620
15371
81362
52807
22428
87796
6122
13347
41537
70713
57753
10963
45430
56420
40047
60916
31393
19353
39411
4638
16980
91397
55587
9883
10386
86300
60187
21872
65367
79678
77512
15987
95049
58875
68795
17477
46671
74917
30825
88209
45631
88578
99173
91062
44999
39220
51978
76393
58574
91390
81031
75555
82788
36619
85439
93174
22919
45626
15046
88287
25304
92559
4274
20354
51435
73070
37832
98106
47988
68657
86316
93619
57235
85489
84682
2235
24710
36660
78628
83285
28050
59659
58840
10838
96279
44279
4013
19198
89905
19060
7485
15210
11620
11760
35564
63055
84831
73396
61162
32819
42053
47479
26439
99289
32968
11121
1525
57679
47782
80153
40964
75833
39813
99805
86671
36092
44084
90685
55291
33990
9745
62777
49201
21366
74538
84765
84421
59369
58162
45584
92189
216
93063
18629
99506
26032
29750
1031
83711
77533
81184
24676
53366
20998
24481
40038
57090
68565
30723
12382
2556
40469
75159
51757
61835
49698
36523
46257
9068
94685
91841
1257
94902
84904
19886
94408
10936
49637
95440
94647
27170
76624
19324
80536
97623
43805
20574
54713
12371
51298
67096
14927
91767
42256
66684
53602
91954
3207
99860
1022
97893
91701
2280
92795
76605
22167
87204
87541
71805
82644
82189
98975
59269
1513
79512
56892
45318
87
11606
57689
51385
78702
72617
43152
20959
39301
96755
12913
42509
96615
13936
40402
88317
16217
33198
64922
38384
20402
52463
10189
3047
34653
9165
62316
36166
88677
19208
81485
88765
30814
39175
40150
9517
11792
83303
30476
51094
80059
43390
93603
76675
57327
34005
64992
73544
67204
29914
11928
87606
82378
22118
90654
17031
31283
52970
53198
19961
72179
34683
8726
2994
73858
48877
12511
85650
32180
42988
36744
12240
86378
30348
88915
43705
64354
53907
17250
31558
83822
29179
19165
66200
51297
9819
83231
82581
62789
36430
2543
34968
71113
11270
37962
44972
60147
50474
30623
92328
93462
67368
4568
79841
97716
93483
23547
62070
47391
40798
93628
31213
69977
12794
97413
21275
22613
80645
3857
85403
17076
6400
20371
88189
17671
58334
33161
77819
8808
63785
70147
2271
31153
74716
82113
28869
68200
5661
90939
15592
46459
84568
46805
16436
97362
44219
37711
19976
24865
41568
5379
41941
47969
25751
30131
65640
84085
63293
43459
92894
27078
13607
95166
58231
88324
77279
87100
56525
82940
78040
72117
29400
62609
18922
45836
59972
63142
83548
79948
88008
25116
85328
29949
73086
11079
60080
38727
95164
23373
82187
88059
50451
95795
83225
8682
84119
60505
95783
40644
43446
73824
12762
72846
36433
31685
18682
96406
94827
2230
76355
82835
27347
61683
12785
434
72762
72866
39161
67927
96239
21348
55986
46691
17143
39212
55374
1263
99717
51157
41908
43163
24982
54670
16009
61415
86355
34692
57822
81183
36923
34177
64019
64271
95860
76804
64705
68623
49670
3866
36550
45910
25215
92537
92601
42359
31749
47975
43622
31467
99133
85530
74631
24115
40201
90640
85531
26556
25333
43354
7740
62256
77531
71759
26527
73392
48563
91232
42015
98234
95099
78565
44144
20315
71103
36745
62674
2853
84721
6297
34320
83855
91828
8951
7971
32029
99592
93503
58586
24925
36857
66326
87181
14389
38085
13709
87781
86649
4941
29796
84883
41
8362
29028
20357
79465
65774
83031
82318
50495
89329
16639
34351
81157
25590
42323
13186
25183
35826
71772
50109
72684
38099
37290
87073
76184
51000
74854
62834
55942
4651
47717
55983
13013
76745
76340
92478
42519
59372
74797
93015
48701
91436
27367
29858
17027
69690
43045
42210
5517
14817
92319
78201
52917
29610
65275
29101
80610
40130
91935
36552
44781
39653
92536
57794
16399
68877
50273
58919
28249
25070
51935
76951
16506
79302
6810
33533
48993
49855
75744
54510
64673
68063
32712
17590
97673
97988
46692
78284
38118
38627
14836
82900
78281
7373
40695
94680
76250
90968
53599
4500
16038
5534
81451
32545
84837
88262
66079
33830
38117
41823
88341
2790
9886
21053
20381
7560
19041
67073
85844
57160
5701
681
40060
83983
8054
80755
78663
84305
71723
32263
88805
87762
37798
70257
20308
22636
58519
86387
56466
96637
28210
44807
99428
38097
65861
19809
45658
84902
86883
31502
42063
92584
32184
82123
76567
40239
62878
55231
24544
34602
87495
13350
22365
25294
83608
42674
47930
42127
29061
4396
38764
57272
49204
38192
95370
15065
58002
41028
99968
44885
72530
42032
37470
4715
24155
14038
44954
87034
69270
69499
21637
56765
82849
44002
82060
66457
86676
29990
8585
15738
34387
47350
73011
83591
85543
68381
98657
43545
9409
98626
88431
81940
40658
25902
86655
64814
39940
31610
51848
9210
1109
73485
65976
83959
17488
48036
50417
4165
78027
59002
19903
12414
6352
92914
96006
91896
61296
94663
35441
70705
93290
23873
52645
33949
49775
39301
98763
89715
70911
50612
98926
72020
24097
64903
55979
41586
12940
6396
45751
90967
65399
65655
3381
71752
58570
99387
63648
19866
94051
99090
90571
87342
22963
43217
21291
72738
82518
20055
62454
53429
70667
61380
25450
94765
26284
81430
36352
39224
87827
82104
30192
53226
47759
33573
24978
6330
32961
88626
26196
27013
87716
16768
14355
10680
59986
35647
83418
42504
55703
45872
95934
26371
7253
21384
21136
33538
2814
57489
72762
90641
39593
2955
43868
87353
36528
68846
93683
69490
57473
19880
96503
45190
36649
10859
55871
96635
46506
39289
39140
2209
85162
35074
28581
92416
56459
49718
25954
59274
7207
98717
49916
46800
1672
93784
34154
38201
62631
27837
7691
20105
47718
4194
65296
84367
15053
21167
81003
61560
60456
20144
63770
45619
55219
92351
38035
11678
42069
63989
70952
49276
62706
20869
96077
64378
14653
30231
2579
77285
58069
10271
97390
5788
14466
62687
90156
29519
83854
71159
91080
44311
91304
54850
89930
46523
47202
27965
58201
89272
91955
29154
38548
54661
50023
34626
19040
64677
64858
21620
41963
22928
31891
39353
28716
46357
2041
18872
75877
85895
90032
66958
30206
81336
21809
20137
27859
69011
48103
86061
58283
40058
15215
96832
94720
65239
31459
13760
29917
96318
35381
71880
19246
67273
11234
47962
13631
13275
66835
89509
99170
56867
56467
29377
38203
78277
49515
66062
47288
97618
52124
5572
37677
67339
2405
32397
32579
33864
46158
62497
30182
81539
34377
49429
48813
45611
97391
62445
58887
64227
51954
58058
21094
8422
87435
59298
86699
36951
25361
33988
34569
77485
39560
72247
44825
41965
4644
77404
75830
50802
39901
6013
32342
74279
55442
81156
19891
52834
43601
78778
17061
95556
36836
38156
3978
24272
97454
90678
61223
22815
24666
95793
300
64226
68040
45126
6192
72685
22530
82023
23488
62432
88036
55830
36712
43478
36987
56603
96313
80589
35381
13374
76145
72217
51531
80124
96490
48985
70802
57713
71801
95468
53507
72101
59695
21548
17227
65888
94233
39758
47911
17721
2191
35948
73552
38903
79426
10539
95506
75740
91128
30888
89114
67274
3106
40646
47398
99596
89631
18200
57310
61432
13669
10817
33534
73365
32365
50762
39253
26598
90521
87165
44320
92712
23113
17872
31616
2540
28412
27123
78280
19541
58011
67395
86815
61117
8041
34214
60714
97672
52415
18024
59105
66084
28841
92639
39450
61207
43402
78703
87806
33923
65869
32126
26636
88982
49999
58252
91523
78411
85376
69803
97952
43387
37198
84767
4505
45240
18981
65219
42913
71397
83243
2018
37481
12085
94658
76931
73293
38061
55635
61099
71984
21505
93226
98621
10488
43225
56874
2011
21636
42250
71814
19588
85637
9013
4356
90143
54254
23338
55362
97167
94735
38606
99186
32217
50692
93845
9149
23985
31906
64785
85084
3891
86290
78310
2512
96778
21536
59386
98790
43172
1636
70604
62761
87274
79618
67118
77417
33873
90456
32779
31040
85192
71386
30227
17410
22078
24072
26559
46063
55979
91345
31148
59870
77635
9459
62382
74414
30995
21769
73205
74168
23406
43809
36929
10680
23428
4047
88097
57301
94504
20877
88342
79697
92264
18569
97107
14342
42642
23667
60405
98621
15012
91554
58491
92648
1013
20874
67063
32009
42644
40268
6177
66050
84078
43106
76730
7507
47154
64828
64809
41659
85706
53151
21356
77970
71721
18464
92312
14363
42132
52718
12984
57145
44272
71476
49794
45286
92351
16857
77295
34995
57126
83473
1045
41205
26579
77776
48712
73734
42604
13521
15394
28310
66673
36751
6281
38394
55215
98594
52757
97348
51312
65742
54493
95585
37219
4287
40872
29570
21145
18167
64566
78272
1641
65611
19477
28221
43388
68190
1955
85992
81711
17349
14303
48385
54100
20585
86779
9316
19179
39536
6664
70491
5279
61158
66077
42498
65446
6949
72069
86592
25117
36635
64864
26758
2247
84342
54979
45636
52532
56935
31628
34244
74284
45932
82629
28385
66517
69409
37702
85697
8946
44367
56189
14225
5525
22266
56724
70972
29216
28794
57564
54333
65430
22429
81092
67677
6772
36071
13314
59304
93007
44942
93549
67292
90875
76179
95677
57393
45588
33379
43090
54534
77746
99279
68760
83272
21546
25485
54244
50762
54279
11809
5095
19709
34239
86188
87387
41011
22260
701
316
15267
45644
93866
82559
36519
70045
78237
93913
15634
11617
37004
70169
89364
36283
38929
72636
57829
64414
26881
8592
18694
38691
13688
38403
72930
99876
25791
13941
22136
26492
14258
37404
72136
8124
19963
8656
78170
98201
2570
93804
9818
39574
63974
99182
75858
2903
71819
33688
67318
98700
42280
86012
37391
55968
24416
10322
55845
50207
24264
77982
76700
38522
15386
48837
46647
35350
57493
24817
33551
60064
18622
43369
99638
82596
42552
75496
85500
14371
9185
52819
13072
51465
38832
50464
7434
63249
60786
63279
13456
85051
41261
90157
23574
56648
38994
70221
91998
96488
95039
25549
56552
13662
68919
56191
96259
11472
31688
81759
25844
40873
34579
38916
92339
73411
89380
99773
36660
50167
63053
50117
35218
4315
40274
58792
60963
79269
29014
52961
75757
24054
78511
32309
37716
47431
88500
33975
58903
20188
15735
84748
61062
50314
23664
53401
23726
13045
53174
60387
63212
16228
10505
98431
20543
50780
57224
81506
30049
86239
34468
5806
10293
12980
38116
48009
60411
26617
81985
19315
46805
97720
4063
7868
48035
27728
61269
71761
40773
14444
32149
3986
30672
42654
2417
51216
93435
59642
32723
23484
45881
67191
29291
56174
80171
67407
4184
40583
94024
86169
59898
40830
83890
63962
48699
31926
91690
9968
3688
32463
24412
35837
36449
55085
78492
38867
6301
71927
98509
39025
95412
44391
6216
24703
566
86388
92111
4750
26971
86136
90920
86870
26967
74811
50832
75666
6737
42522
85634
10425
74986
10047
46263
11436
65133
24755
50304
71435
96683
48814
10460
92095
93205
16677
16799
93771
3065
8911
98522
30036
95047
89443
16906
22015
64255
67739
97681
70992
10262
83316
81418
85249
93364
27681
96685
58497
52436
46990
29932
49120
95804
40393
41216
89010
57070
58015
82781
60136
66926
81304
90172
61974
70748
7079
83989
35003
74819
81671
5995
85081
64987
87414
70331
58351
15095
67017
16848
67532
14007
46781
16652
9811
87175
57868
98821
44245
15884
81603
4382
82811
62908
94554
44785
33656
1634
28775
68659
76454
10446
74655
61536
75433
62069
31867
33785
77165
98884
50633
44697
12891
97415
61349
22703
84591
19218
21524
28836
35102
3128
33218
17914
66036
27773
62699
99692
29408
91475
68352
5862
1921
43008
67398
77355
5077
99266
11140
82242
98150
61774
26940
11042
59190
88290
33745
43781
7508
55269
72618
42611
58398
5837
60525
24434
33611
23225
24127
63019
14700
92480
68882
16622
35488
36281
93977
40566
35547
5118
22809
33698
66893
49749
44740
26083
38039
78485
69864
45547
33755
42483
88159
92153
48320
48684
16588
81931
71909
40715
44951
86610
33195
13833
3232
68684
50115
97210
9250
85663
2328
32059
19361
69221
81808
64101
95305
19848
42586
65169
65395
76342
7653
53554
68495
55973
2239
85084
37904
74149
25800
82856
60759
58995
96690
63991
27680
46805
61202
36930
32468
63530
68990
51829
32752
50798
15931
28057
70647
58518
93227
36042
34860
880
89597
3356
56853
91837
88440
94758
65986
14240
77614
26745
73236
74304
90737
917
21110
51939
37847
53578
15470
6838
5408
48222
57636
21340
76279
28284
79858
69507
64326
14719
70387
53924
18076
27241
45761
6517
21999
11748
20758
99614
38493
93994
73919
29231
94912
95029
81170
32759
48608
96641
39597
54017
44863
97234
75357
21143
25518
55216
90650
89845
69936
61038
43770
88012
88279
89532
94529
10279
1280
15287
9893
39774
9282
83812
69005
4194
78842
50176
36954
27450
46817
76552
81468
91681
73787
56825
12824
99306
12042
3475
89152
81978
64513
32922
69991
52792
22454
64520
63071
23734
79808
72965
63508
89091
56777
32514
93286
35620
82690
30240
63071
29508
6793
44539
21189
80580
1365
34013
79887
13408
37488
69039
95386
2001
1962
65378
54794
24416
29899
17865
48151
9707
90831
11660
98799
47608
44175
92085
83229
26865
22326
46300
56373
29119
90840
77563
9700
92206
11576
89587
5614
49065
58627
1001
51067
60589
66379
5861
85006
96278
23727
33158
5986
14558
44818
4785
62167
88993
96870
45397
15859
19197
91698
72233
48316
82538
49796
58017
74744
61373
47604
80359
10438
6232
81360
61506
66821
47740
67367
51828
44018
91095
84986
50005
5654
29805
54790
67822
18798
51661
13219
34658
70858
4917
6891
19175
87456
56688
77192
62201
18061
24797
42560
28500
31029
23921
90006
97851
71661
57374
49679
15680
48469
34666
65685
54124
64471
20476
21946
83269
72138
35166
17928
42997
40083
24820
62173
27540
81508
39365
89741
99570
64163
32302
28070
95192
56223
18076
93044
27885
75451
42724
43565
23920
77390
9251
78045
41861
29728
99992
25131
1867
35158
43059
44864
75241
67879
7037
2781
49387
46403
92523
48957
10566
24825
77028
5759
81049
95105
98803
8934
70556
41527
52500
94477
18917
61752
72522
60778
91480
72514
85909
93347
7672
28969
38212
82914
96848
45249
85696
46236
91652
78219
95194
2219
3045
72222
7978
84094
67327
6781
93028
37883
48309
45528
32360
67226
7280
4883
28005
98761
77397
13915
92108
85070
42884
30321
67984
39732
75570
53681
85969
67223
31900
81163
69443
34945
53385
77421
19040
20713
84202
12068
58597
32512
57597
90957
99738
64877
95841
27744
63639
73238
41659
55748
58308
84544
86069
26293
24277
61639
79974
10246
28863
11875
91409
98306
46821
44795
75728
65861
65509
59931
77929
24106
92443
35526
15064
92182
404
10905
19926
64043
84144
61586
19792
42452
46131
5861
68746
70408
67501
48720
80655
96364
60596
72065
94671
7417
16860
70400
73278
82370
30331
51207
6476
22774
86734
21541
14956
87139
32446
34883
51183
16590
96470
70975
59043
42601
76836
27790
13009
44337
76511
93665
40702
37107
65730
35374
44524
82591
5774
17802
64961
36106
69010
71438
58880
55745
92979
73837
42884
25425
8720
94068
42016
5191
65043
1060
47792
41880
28850
60802
86218
5362
54467
26921
42469
20197
62295
86993
2788
68070
4796
67750
4176
73806
39188
63057
29552
32167
36894
72436
57593
45615
66505
99610
50806
31548
671
98599
73429
29522
59402
59647
34884
13869
86569
77353
34067
48865
64347
36856
16936
69143
4606
21112
42950
43794
84170
72502
75962
21064
44939
33556
66680
11444
33166
17487
42993
33837
16086
16422
63359
75488
76070
98243
89358
62639
75597
23426
11505
39944
60282
28441
9087
64889
49553
52037
8684
33724
24540
84646
54789
69479
18202
21469
80923
51369
38957
23916
85206
55044
40339
48565
30532
16409
46809
19891
79049
22406
43317
90554
62351
3600
18995
71438
68489
68549
23476
77173
2273
48017
61820
57062
17496
80022
78532
98419
31391
17489
22336
16598
72533
62675
65164
3066
79084
11973
22958
58134
34380
66275
48688
96731
69876
67684
68170
38365
36234
91647
15538
38508
39665
77358
95571
57161
57381
74104
55581
88773
91593
77917
5371
64127
40592
70535
67194
19677
82509
90152
77811
16890
56428
26500
13622
26304
94184
81793
64669
30419
73441
80208
68927
13106
57567
64499
70267
14948
38603
25848
3722
30197
3765
9093
94324
44358
79629
61518
64035
62139
51671
41846
79029
8099
68346
92652
34403
62531
74445
99073
92950
47886
79282
61878
60992
36849
26377
31260
51798
64981
57108
55520
95178
60874
64614
89502
5232
44243
51021
69268
6383
2693
11114
85412
10792
79461
78064
45196
41992
52510
44270
34943
396
23552
96821
61389
60401
23199
92649
12200
88180
49758
67720
83358
10632
32335
72861
15865
76579
23883
85133
82962
26576
96248
68375
37368
75709
46440
82565
17701
98950
26835
52644
99347
50388
49466
60736
10790
72665
53385
22990
60845
3144
90711
44204
13777
23046
17065
29643
99625
40948
14777
82588
67524
11025
50963
4893
86734
97404
87458
4436
96354
14294
57081
95702
64682
6547
56438
75473
79213
9824
98463
40059
12968
89174
84263
26746
12221
1328
56389
11846
42276
71166
94435
9801
82191
45398
14694
68926
42802
2153
73363
39157
16448
30444
34859
81131
36992
91298
56604
16206
1123
55067
56265
14091
44242
40528
40837
56463
41857
97226
68310
84134
68393
62745
93935
50584
8144
8630
19511
50947
10784
92874
90105
27232
23319
24964
8363
60311
16263
64968
76518
17386
20035
32783
31477
64277
73312
72315
20741
15169
69542
89051
99304
37935
51797
93239
88520
59941
1870
8031
10888
12654
906
993
39887
24225
25958
48251
84537
42221
13219
61055
59607
33254
93839
91085
97532
67151
63401
18273
82321
32944
7325
81625
70880
59122
74865
59401
19064
76735
67432
29952
89390
68339
30946
29277
92564
56905
77528
77101
99127
90748
38157
58734
24002
31996
49820
21535
99148
13222
39809
81469
46167
47134
63094
17047
6257
37960
76448
25321
14695
43881
55274
4086
12221
86220
33364
4785
43126
10893
81887
42253
1641
20044
988
25644
52041
50809
47179
51189
64031
86988
32658
10198
34123
95753
27246
40380
33713
3695
65701
48409
47577
20976
52496
59798
7197
85860
64584
50323
96753
46471
92576
98395
66516
93564
24039
18557
44374
71218
69747
8405
58207
2406
18604
92330
98159
45851
32711
31873
49547
98412
80283
97124
19389
32779
56923
26586
18640
21507
76909
15394
67979
69486
13789
34495
63051
37828
53053
7425
9047
22800
15831
67254
25206
34435
59584
23366
80287
92295
55240
29834
90708
35523
26958
10097
68303
83882
36684
86943
5389
13593
2337
73368
83079
16126
7864
46131
53955
60918
53556
63002
83718
69387
30256
8925
3823
89841
32291
84110
82137
87531
13944
72846
23055
40903
82944
91358
24785
19628
78301
30174
33221
80638
3543
16301
96765
11408
62433
50720
72326
15989
13723
56045
85377
43980
64970
89200
33821
97262
73310
15958
84793
87254
88804
7848
28157
71749
99207
52943
91377
77508
83117
24599
58147
86661
40900
54912
98069
3333
5633
70396
19323
19357
26441
4700
63337
91411
93900
97158
88673
67211
13117
73467
54466
1922
81316
82624
73671
80523
35567
65048
58031
18685
89647
16178
5346
30548
71091
3416
33882
76725
73812
53206
96082
254
57906
59419
91665
51807
56578
80339
19018
69696
53806
73485
71619
35122
56109
45290
15645
91676
10339
73677
10361
99987
89856
15708
30536
60948
19125
64418
37674
92937
17624
33756
93192
75531
93176
84857
27338
49755
65196
46357
19451
19003
19842
91070
54126
75952
36361
69772
67628
46700
43449
77990
46688
33306
93699
77224
94254
12824
41643
31928
5762
59268
65685
98954
34799
58862
83812
62138
8617
49009
8496
28068
68012
28338
19139
22138
4291
55501
91910
71919
2201
35360
49910
48890
68666
43610
26114
62921
56434
67758
94849
62197
27026
60535
61151
61826
19397
44963
23965
28014
93972
32461
56083
61985
60800
75223
84123
65091
30724
76034
37011
32926
11394
86922
81816
80061
30532
7931
42982
86966
75689
37832
49164
2716
98367
10315
64542
17765
55279
88507
45779
49252
20968
1863
11237
81768
77086
95361
46860
7811
71396
83871
40737
82791
70793
22553
62852
1325
30485
5835
88292
6174
43668
37456
8890
42036
47772
73433
59801
3052
61940
5581
52304
82909
7444
63542
64678
84531
58903
11538
92343
30299
95409
33080
13090
66203
55634
75943
67529
86119
81778
55822
92294
25446
93279
1185
67482
41051
74618
27284
44104
36558
32865
96408
19468
40310
59950
84146
24842
18854
95684
17185
49154
91094
50265
62245
57298
5900
38188
24827
92019
19967
80649
84314
45414
73928
85499
12897
14980
60117
40181
59084
96676
73047
55493
16144
13357
15444
291
38199
34299
95975
55385
83453
87070
5651
45699
44368
11551
83887
69196
3570
3855
49846
87884
49269
23775
73384
62167
38756
33501
2348
97840
30177
75396
53334
46322
88753
68778
46613
26953
3078
42589
82338
86531
29660
87990
32230
74028
99541
16118
43225
3112
19974
93071
90996
69244
16847
64381
31411
55603
97882
33760
53444
28060
9156
6778
74382
97909
75557
20996
24863
78635
63585
7202
65167
93245
95192
97398
67274
94733
13516
10500
97845
33491
3571
88842
2735
20419
53223
34146
76022
51106
67906
29466
79166
77062
36244
53549
74972
11802
74546
99836
90437
38131
7038
55605
31377
2231
53003
98652
96965
66520
9152
94811
11
12724
83653
2746
33143
36877
36892
9165
87984
4799
38632
67150
81861
74876
20700
56834
86678
95247
56670
77116
33379
63709
32721
64756
65941
85725
63409
62906
52245
72561
57717
52256
85286
41371
55002
18430
78249
91895
27596
66233
96694
66228
33384
78556
41104
54084
35391
27783
49331
92062
4900
82710
55772
37622
47467
21713
23347
10877
84619
75593
83439
42337
27849
68725
83708
82852
87155
61957
74748
14751
28190
71442
80980
61575
49999
22085
15659
85391
49868
64991
77453
54769
47702
33225
92392
95170
54939
15739
6047
39558
91332
89486
81896
19182
58212
65605
2034
45368
27562
76782
60120
55753
48225
41100
17328
98225
63185
32988
83616
13054
97980
61070
67823
45683
94295
60216
40854
49234
75955
46901
88793
67288
36388
70690
86471
94600
36295
88506
39969
63858
65289
89
19612
13514
41189
36941
11740
4375
69930
95357
17429
67910
56427
85253
13594
50723
45469
54448
99958
21425
1350
88752
88714
37738
59442
75185
32339
95737
63692
72309
59596
28981
72398
79208
42496
13588
16149
54236
17963
86079
49593
35393
53990
6020
20646
67585
56743
66116
22033
56701
87541
23383
45453
76256
61122
4896
51442
93462
633
15134
65772
60230
44115
38170
39438
86611
51759
55588
40847
69722
41668
90441
5115
95659
96461
25762
63244
53205
91878
85277
9907
79420
8661
55361
55676
69784
60257
7119
63247
60891
22253
29019
21121
66368
67190
60560
52979
18949
16149
93827
88672
57817
84268
93787
53476
80730
19550
16721
33936
11429
1998
43844
90849
10660
99205
46526
80445
59462
53645
43693
20354
75899
72712
41476
42267
39902
2036
95247
58852
18185
89074
47524
76002
73343
41312
29479
54074
60862
46200
88010
72291
48199
31854
63141
58860
31060
9668
39305
90523
63314
82998
10877
39213
55711
52353
81480
95614
54390
76728
54466
72575
65803
1990
48578
39146
43302
78058
93221
4165
24258
81232
76456
72458
13087
39598
31318
44147
49267
70624
34670
12581
53623
45548
51794
9334
97902
33275
4949
52292
10004
59415
24867
75807
61406
73446
14954
4709
51504
8175
8874
75763
89407
85331
48221
2495
24929
79540
46642
74196
50165
81313
86778
3789
26862
38573
13124
24764
71849
18073
77056
81853
77489
1924
57660
38895
75371
72614
43604
26875
80789
52478
2638
70197
37809
50860
72692
62739
30401
19335
36936
80567
649
23714
84356
27512
62287
97480
52276
34136
15554
29333
15990
93043
31258
73650
31938
6629
46265
75543
33504
27054
28022
36143
97252
65831
87004
69945
28571
17406
89281
65507
97973
89930
89222
82330
17443
51510
79810
69719
85647
95365
99053
1637
88408
30311
75287
20347
36941
21552
95890
70446
48607
23913
6590
45860
89744
93594
15806
18316
11000
5087
83824
8974
95018
73046
91304
12461
24557
71115
82181
10204
66480
81234
11841
54889
11546
87129
75236
48488
8682
71127
18934
57289
95040
25524
3150
84785
19119
18956
3102
30120
24043
86926
39095
19062
59973
30399
31523
84530
1514
13704
94734
67995
94939
6576
22884
6485
93705
98121
54974
2387
69248
73908
59677
64289
99433
62828
49075
18553
81784
52177
48673
5827
39103
87768
24889
99076
18168
56413
83607
19683
70117
78342
87678
65057
84918
10563
71543
78624
8684
26517
81012
77933
425
40690
42223
99859
3518
91298
18412
85302
43475
67086
91130
82579
54855
16020
81656
73023
72433
65263
92706
42551
43606
80385
7609
28524
90949
79152
7149
99634
5669
88162
77568
6095
28852
19791
5954
32370
11090
24367
17673
54565
91453
8804
37145
46308
24824
18801
19332
97258
84065
12039
39810
27671
92425
47419
56196
83374
26571
63346
83009
32241
51508
60577
38336
80360
80368
44291
12731
91458
68659
30405
46024
60112
39209
83169
6421
64034
1971
25754
61292
86036
37793
1102
13707
30218
48522
69904
13593
75093
33250
96602
7334
84758
57179
45671
65119
37548
89962
77851
29007
58621
8256
75032
18734
47466
58202
25156
11500
60173
50910
72793
46210
88704
73896
59918
18923
22418
29822
32517
97512
63072
29119
4847
47831
86299
50518
12950
23848
40481
90802
52855
99103
99059
27888
17838
46525
86090
42994
58026
46263
93905
30820
92473
82610
4717
52391
1534
27135
82214
34051
24648
45287
63171
29495
93118
49470
80013
6069
73319
20495
96871
26175
19598
95930
54063
37436
42456
40153
80431
483
86417
74336
31304
78891
56947
36021
31283
58481
63156
13497
92532
87805
58784
55703
17300
51903
5174
97314
57972
78493
17809
54844
4668
37408
50775
58731
74844
93232
98885
55275
93715
85303
29612
25019
64194
86559
61040
95477
45041
24197
8975
37573
12002
67760
93277
29303
19664
98452
26617
77636
76945
44427
32481
81614
81835
83256
40346
56679
76488
39232
11955
70204
24535
41568
95224
88729
28127
56265
84207
73168
80463
93183
10742
92465
60944
4020
21769
80608
2472
48387
58245
79417
92814
90726
61032
74650
73982
1378
31330
50471
40610
43285
20676
65146
84853
15900
53875
12981
72165
38083
86150
52628
31266
96892
45094
92210
912
66863
72819
3384
15251
31064
82802
8065
21790
43835
82716
95773
45214
14046
46245
85824
57331
66921
50971
42185
82821
4846
55166
54987
42929
41316
7615
74196
38209
52710
66407
39122
19573
39226
42507
34825
70291
25309
42891
92082
69144
25607
87855
14358
39653
34101
183
96984
1022
51154
39170
83844
56001
94336
38831
98931
35653
46447
73128
73863
99157
39535
12985
18731
78762
55492
53556
49054
80802
96447
41136
49946
22055
28992
64305
61708
63093
64489
58693
64116
15644
97863
47961
71645
92200
86792
70577
27853
33240
43705
1716
32398
83241
14702
51129
62004
70194
4686
11058
50996
1134
52194
943
23189
81186
65249
84897
44280
29738
43590
8396
45382
41454
56357
17028
33654
43150
87605
61508
76391
31310
63225
8789
14552
77927
59918
76556
48122
64604
87614
99118
65738
39809
62
88928
20996
65311
73825
65276
95049
17416
73672
40432
58870
30030
57461
92525
73181
45066
54034
49572
76377
17259
58361
90929
95187
18279
67486
43310
82884
55100
42429
48623
94910
42491
37551
15906
7802
11377
81182
2852
28794
54855
43285
87665
84886
746
80190
58067
45812
34225
7639
22190
51485
66000
13120
46672
84280
80606
89982
67165
35707
32411
15789
30618
74903
53341
46524
82706
64718
27706
85558
93512
82562
28844
81177
67448
29590
61368
25515
75403
95593
33155
97594
47078
99156
10714
93751
83437
91321
83734
50602
27029
16146
66392
57647
91049
19733
4171
73755
84452
31878
59314
77964
14440
88158
59142
81889
17748
20511
7405
93152
16105
40560
90746
63183
39717
1460
56935
23154
92782
40669
73757
19811
56816
40150
77458
47865
59883
81630
21621
44335
13508
80935
22300
27949
69093
81442
9839
86842
1954
17244
79994
18059
57805
70740
81243
97522
72201
38178
20677
64983
78848
94435
84794
35664
34585
62253
83530
94468
43883
5151
38804
57392
86086
61104
85342
55180
42547
95181
42022
44501
12426
22017
62561
70231
92758
43804
67754
64959
81983
88432
29942
60832
82867
14737
96497
17452
76990
80027
11921
20874
85178
50726
78267
71265
11830
63610
26446
54378
58791
68469
98880
71218
90486
61441
41449
83244
5245
9204
48204
87229
97636
78147
48061
80503
92884
44558
97956
69875
24586
9878
90750
9765
60604
69017
81030
72435
32627
7476
26813
91419
75946
25693
62637
66433
87134
4087
49677
92380
13291
97882
79610
10927
76029
27671
91431
68913
72230
89387
38789
96816
99266
29539
6581
59870
98557
87612
32306
31185
95089
59119
22604
71035
84813
85242
37468
71948
89329
87146
64329
2620
85028
43939
13548
61057
71610
4979
29971
43841
94367
68761
40657
93633
98300
47239
53504
96858
34851
85810
28043
29940
44930
50648
976
29744
35890
38445
1692
25220
25591
66021
27841
10620
9960
41389
71678
81571
46369
1649
25412
40736
70411
66070
34370
68711
13309
87875
65570
48161
73686
93613
78102
18616
44261
79078
48361
80152
17523
50053
5372
43115
16075
33213
53735
26035
74603
25413
7607
20972
27063
33019
61709
97474
99090
96079
66186
12400
83955
31756
60561
57641
25370
38663
76258
69632
17742
24619
49784
35266
74672
55157
78382
90747
88370
32117
16783
62974
57531
24390
83946
84595
57410
45656
82070
56500
41736
48256
68900
25691
80013
29462
83332
5383
68126
59590
75016
85868
84210
24800
21135
58882
79957
99517
49630
68328
31635
66413
31302
89167
90804
15249
73762
48214
60905
55832
4714
2641
4089
73615
28332
84103
3077
11665
89487
71203
71256
64503
57072
55466
89303
78208
14348
69261
77726
63979
37589
9361
30393
68892
98528
21197
84141
72291
69412
45047
28123
74127
47688
32213
47742
76021
16316
50820
87686
5803
22023
58942
70306
79096
14408
59610
57304
28757
28872
35030
92737
66462
44392
23130
35354
42921
44328
19496
15212
13740
64543
43336
87867
12232
75550
35610
88253
91866
86430
75940
97670
8454
34883
67977
87550
49292
27588
44855
78050
56460
79886
70787
22922
24279
93917
58277
67200
38246
77773
82413
51986
42317
25750
39854
54549
1300
75464
42803
93167
61894
18744
90837
70349
53627
58815
57900
2920
86403
2755
80970
42864
82642
51757
65787
6921
45675
24064
74122
83921
1837
56535
35908
44154
82285
75762
98704
83585
51227
41508
76752
13122
60252
67590
83471
13880
26406
41371
16800
12810
44127
97770
55674
26769
49528
21461
33691
95204
45525
7813
79126
47363
64348
15034
91518
46634
90797
90223
30219
42024
31731
6972
55146
91984
74563
38617
5864
970
79989
22664
13780
24116
20435
69455
50885
69963
90916
84577
65168
36442
92390
44294
83806
56739
59328
75325
3373
50126
65548
33593
92150
97279
40565
47297
89263
15129
85914
95128
16099
65904
17792
29879
90020
38228
99335
40906
8192
90252
25483
73360
26694
17873
17654
10501
74613
76983
85826
77986
27109
51374
11579
19259
48654
52145
66556
37918
67274
52471
33046
83374
18376
50839
13254
8396
89067
12589
49303
97260
2841
74786
70620
29536
92660
88275
40037
67273
65258
25864
45260
92368
77239
56839
11627
25893
8984
78184
63811
76259
30656
96857
59634
49032
47697
72888
57429
36765
85478
6732
34025
88320
81519
4646
17856
74180
92921
57894
41454
58180
83758
86715
50548
60997
43554
62176
86891
52539
40361
50702
28799
71017
47560
88433
20050
95258
61322
77480
32023
46801
84213
66048
35121
65733
70694
52977
39914
63616
10872
81369
21796
94631
68084
72344
55628
11638
34521
42520
64178
74882
93223
92977
45899
40783
81411
65950
36042
42734
43431
68065
89535
27644
34113
24656
93377
4808
77634
33291
68425
88506
14661
90221
83137
82745
62566
38766
94384
97087
81286
58562
71969
74509
51540
17869
15293
32951
83820
51335
75685
27251
19400
65221
54895
53514
89877
48273
58323
67511
81565
26748
56017
96226
16970
39155
78971
79536
77921
73355
76624
59208
31918
48594
33717
83458
66463
49011
16410
50284
346
92096
77535
19747
57317
32431
73262
47195
80704
31586
14706
62270
58334
70724
58496
75305
9879
37468
54841
87801
10824
31466
47009
42743
80060
80726
26201
46524
29738
42612
96808
30085
34708
74344
49833
92026
6775
23095
39221
87480
54682
53928
49750
13016
24652
8247
88322
34532
45716
43163
22333
56541
74630
69342
99284
54690
50069
25486
1215
79808
68098
98024
9893
2807
72368
59726
94834
79143
82822
34055
66624
37504
87984
16374
50521
12636
24622
38843
47169
70338
82007
69502
26879
56637
38845
26164
11328
88915
51650
12544
68723
19749
10568
78616
22556
82936
38343
17390
62080
21165
51446
28704
58670
39430
45079
9192
52067
69702
48035
99237
40041
30043
68740
66920
86681
7586
93085
98010
96501
44735
10554
65225
64484
21123
43842
87041
4059
82185
4432
66140
3351
55879
94845
62021
95310
39924
71213
47377
9627
19249
46615
49668
49292
15355
16589
35973
22941
9674
33984
19443
54410
44538
84668
18894
65661
28510
5936
69721
10695
10368
35862
14047
66248
30707
76069
61558
70632
47283
8936
80259
66532
55551
29927
15825
70906
46516
51799
93848
56191
85783
13291
10601
30322
97959
29496
95983
26469
35432
65705
37165
45801
1567
51212
12049
32274
27282
73607
2907
74565
82543
83166
41097
38094
13094
56923
9001
59611
8722
2849
15802
94506
16140
26403
24828
14100
55899
20811
40569
91332
86517
77735
37133
88084
28948
49182
20359
56230
22790
23266
30795
5333
6433
71893
43428
19527
28817
52429
79138
37539
55279
94940
32045
71419
21344
56873
85520
77243
77685
26090
68575
64202
3825
5709
52287
32773
54891
72647
89004
77682
95913
19800
83015
2346
91693
26443
21874
20510
78873
1012
58050
34152
95953
90096
5572
17297
46970
91092
94541
24656
17182
63116
88859
21008
68826
41146
53782
23718
13793
42786
1400
9707
62586
84415
12054
54280
10859
33928
74791
89732
34941
32842
23885
30894
22938
29457
48191
69909
20550
42732
94565
37732
5849
83424
58740
74675
24571
12522
98394
38365
55309
99794
48072
17896
84210
60126
72177
95069
94055
46968
84802
28996
79810
8688
59890
2749
38145
8082
72658
58696
50814
67224
96428
56664
50648
55169
31340
75220
67692
29734
13585
23002
29529
61657
40898
13739
21784
13075
8809
15840
60044
93611
44836
39855
2299
4726
42605
40445
12809
15264
99141
63623
82488
95570
20288
33137
50740
51629
8357
18433
81364
21943
41435
10893
83600
82334
24632
5385
95410
33441
21225
55454
27053
66062
95310
29353
70788
37915
69798
83597
53179
68940
47221
35667
64511
67510
68805
15252
19139
77162
33685
503
99105
75121
11397
82706
57456
36029
88092
52866
69471
9318
8321
96525
75380
3631
25878
46169
41546
95677
29767
94725
64617
76989
30393
29129
44499
99198
44381
63639
76361
78067
64143
75466
53188
75540
58173
10644
11570
46266
63511
81041
55584
71832
77566
30964
75463
3445
77133
17010
99122
6901
11736
63740
83890
42129
92869
28390
41328
37251
92029
17689
15318
56172
93156
68506
31713
51329
79151
43283
97595
42662
24324
53180
14495
1891
84144
89959
5336
61278
6969
4459
68180
18705
68199
52070
60835
61068
80460
2163
98319
72490
19853
13638
28662
13009
82145
60375
64339
61296
3659
61935
3959
27983
15115
18454
29875
99260
8413
35212
60538
15383
39671
28718
34089
7870
80789
94924
68939
61250
97088
67259
33740
16941
80897
62403
29951
63042
22779
94290
24339
26438
56225
28298
54422
71341
46753
84297
70601
55167
19510
31140
70550
59181
59859
4639
67052
40648
99564
35991
1898
96653
3251
35639
13595
84148
98042
43546
47191
20821
37837
71531
47259
94063
99829
1681
65404
46583
85979
36006
1750
5489
67146
72300
64671
27005
76940
31723
67654
76505
67715
69552
73158
70966
5192
86753
55115
3234
30300
2307
24055
68138
73838
71315
62201
73668
72997
27606
20251
58976
63612
22001
64466
30759
94302
29138
57764
71243
60861
25418
47748
28577
94971
20906
99543
164
7660
54659
3398
37961
56966
27454
6099
30804
98770
68301
4473
71767
95908
24724
30744
59520
46726
95211
90280
41028
24349
48044
12272
85211
73463
60020
13788
68435
80927
13332
68599
88588
67991
71998
26549
24958
99452
32648
55763
98222
950
60236
69990
96858
84960
734
56379
31687
95946
46659
72716
20295
94704
84988
5506
68168
45008
19295
36604
25935
32627
5204
14523
618
77202
41073
25576
76655
73722
81340
74878
74672
41576
44868
71531
26537
45603
27910
58224
41549
74570
30940
61845
69274
15928
67352
37443
60936
86647
74047
86872
19274
79251
1396
19893
56453
42469
45470
33109
16192
26810
7987
90864
68386
52856
62396
94924
98459
90306
53148
40009
64876
84089
1855
34151
17
69207
71595
60954
55854
45642
47827
75129
24893
49223
95023
81347
91693
40493
14456
7886
67304
22444
98750
35691
75300
61147
30615
73760
51453
83764
13770
16330
67853
15625
50482
67870
84833
22077
28825
40688
67720
76652
15817
92614
25876
10841
73961
17570
51334
88418
25456
18639
10863
24207
54330
86163
85354
84945
59924
36808
68710
73694
53138
36563
89320
3621
4433
74153
25698
33259
14841
93419
9911
30659
86033
35787
41500
59995
53358
92835
48414
78814
11474
59277
3021
65804
45441
88375
50750
5366
25183
19460
79060
78322
56024
68381
81943
60457
42534
7642
93717
57375
1061
3628
88035
87095
39416
29535
47090
92774
22370
95504
71588
33844
54782
74610
99649
223
62986
50399
5589
88169
69860
84650
66492
25884
53031
48436
86342
95565
56079
80059
52941
57141
83688
40976
44236
23104
70512
91326
15879
92882
86831
87468
26727
41613
62078
26376
41836
25064
76776
47426
13234
46636
32076
79726
72521
85108
28162
58863
80674
84241
38923
33615
41383
22611
74592
85619
45716
45104
76945
61595
37986
63776
49063
64713
5389
11141
91090
47226
36205
67866
94653
49440
14502
26729
29166
87023
11838
57329
45887
92512
41571
84810
26127
82954
7421
720
68573
53137
45824
45519
14732
83811
9296
63796
48524
14686
74937
39615
61913
11143
7481
56566
60583
21983
83296
89750
9007
95134
47080
54894
87646
88651
39704
13774
71606
47126
14494
40180
264
60318
85699
14996
44130
94996
78792
92654
9682
53730
32270
71595
64873
39751
28161
25457
61735
11458
15208
70742
6592
62288
25637
94239
50940
65342
8013
22546
12468
22507
62726
12732
82826
48426
27729
26956
43423
6522
19611
53105
60252
51881
24701
25126
91633
52863
50584
53368
64321
65792
24111
70914
28080
49748
65153
79020
15090
73166
1567
27559
95674
64294
40292
78501
12721
68022
5457
56144
74544
25069
9250
34797
76951
33952
59924
68584
86815
10509
21952
51137
76301
46063
22051
4382
95812
87204
83403
10903
60371
84970
38462
56045
49265
78755
34546
61986
46777
40004
18130
21322
65073
27381
56120
42024
61333
16044
10609
48149
26553
32561
99286
2855
78625
21338
7238
74437
8543
90641
85340
68914
75612
23803
24960
24877
2558
59507
86863
49336
99511
4994
70659
64585
32375
26779
6610
93709
42824
17219
41858
69378
49780
41145
72234
28406
62484
79472
2843
71027
70113
88183
39942
45725
11987
64902
70603
14545
24409
57466
63882
23921
62461
34541
88506
94836
61321
95116
88546
4146
12336
30405
73524
62117
71550
45758
90523
34035
25231
93366
5062
95344
81550
45004
41070
93537
9907
11673
8083
34317
69140
71966
58238
31601
6508
46744
26438
67829
41861
14984
71975
54197
45389
45500
16314
16940
91259
6838
50975
16490
205
56038
11835
81755
1043
52905
75293
10950
64579
83377
45267
33720
55343
3506
65321
61851
50251
91759
29681
92112
6744
1657
46310
52133
47157
62625
69074
38417
69463
20049
54907
69668
76087
66742
51424
77130
19648
26718
88081
84228
10095
33349
17948
65438
36855
83270
27290
87106
75029
56972
79219
81773
58629
25530
33907
5787
88155
2982
44205
57619
23031
99112
27288
99119
65855
78713
76250
85504
5431
64332
69733
15526
97681
87681
80965
34537
70951
8256
21643
45981
65228
863
27755
23858
26393
61663
29646
14548
64645
73851
72168
87676
72964
99457
86796
38820
78170
63047
24325
83601
27379
94058
99127
25061
81739
80093
59598
52691
88349
81242
98673
53577
82105
26428
77436
8498
88091
7082
23047
52737
80934
95216
40413
53898
94673
27210
92719
72843
90258
17044
56444
17637
11102
55572
42699
92842
35665
2297
45534
24015
83539
44207
77593
65644
70635
55029
74143
58727
62112
97191
11464
43046
92407
51878
96945
87080
79089
89664
59924
69347
6709
16369
86985
17811
71941
29684
10654
7607
31981
56188
31623
15521
395
9216
81166
71031
64245
55309
29759
26357
52500
41223
69404
44908
93102
66349
31988
72191
56014
91913
41538
62723
8282
28524
80535
80224
58208
91189
87832
90189
47378
19455
5711
47773
28671
86877
18805
92916
42187
48564
19274
94688
89787
88678
39596
82890
55028
71585
55081
11042
63498
96620
73766
71780
25144
54301
52004
83353
45491
39836
73542
92869
59291
79254
40642
87963
66131
59448
80880
8318
8012
154
3006
97799
88832
42602
80690
43861
14188
35771
54903
77686
32392
28669
49466
57537
82971
1471
40890
28462
41308
14433
21331
599
93687
61974
88563
59818
21422
69443
68137
29435
69597
71144
27235
58430
13747
7925
2291
27935
43696
57195
5621
76089
85864
55088
33626
68836
56560
74517
97298
97868
88950
18630
98468
82637
80605
87031
42456
2028
56474
10594
31463
26072
81738
58698
84502
95485
66624
86794
23420
10321
43989
29042
86410
29854
84131
20037
98690
40691
94554
95989
38560
83504
14620
37028
66142
95225
24059
8599
97254
80534
19193
28718
6606
931
87417
91109
96417
54041
77903
19838
64362
21893
48880
50773
51748
33012
70810
50438
73704
65364
46428
12264
48869
61048
49292
15011
56274
73352
23610
53529
53886
42804
82247
60493
43735
69664
51602
40152
23706
29506
59991
88068
51399
8871
38842
3148
41884
9652
53586
15588
75017
15
27853
23886
61063
77145
38898
17338
50498
62509
70867
4385
5313
53115
64878
49049
22779
16481
89201
46486
45987
49192
34555
97387
58064
73397
535
99949
83049
54122
15538
58066
54137
43391
81953
15201
20536
20852
32540
71035
83361
3407
75420
88675
56522
40298
37724
79302
56780
26926
25788
2767
76119
60343
155
34183
33740
691
34133
16790
54813
49671
74857
8951
93062
56811
24153
13599
77663
56693
84634
61025
60100
60055
49700
16623
354
87424
95926
57134
14350
21715
59902
90469
82058
60057
24653
15799
60748
58786
32590
15562
8458
7447
24514
1521
64258
48667
15120
41921
5360
99755
2946
65461
59810
52647
82085
60165
40071
78011
17299
54422
99726
77201
44891
81785
37259
69545
97585
98008
28331
30175
13571
36790
37623
38085
38311
1881
86752
53432
43803
92112
53187
46750
57574
12998
99397
39659
73163
39469
17671
90463
93891
17397
67665
38783
99183
4924
8328
96768
2932
36660
26944
16503
73450
64567
54589
11761
66448
41341
65193
10252
33454
18381
57003
91028
31380
56401
30688
4544
95870
48359
95007
89761
65757
62672
28544
64940
67596
36873
61708
70529
73533
88653
87033
46983
53220
41622
58745
19669
82964
23939
29921
16418
42320
86925
7447
73701
43326
38136
78245
39196
86495
73252
28958
52252
35924
57503
17193
3521
94376
78902
74051
67909
67555
61085
14893
20775
2707
73638
40444
85671
97577
70366
2090
39898
57291
9537
13599
617
47674
91844
39814
34169
65097
68773
86422
1022
26276
3616
4543
20653
82518
78595
88563
50074
39680
3456
70849
42387
77095
11294
28059
74673
81660
30150
14572
38952
39688
28171
39570
87362
20016
79384
21531
85114
48158
7954
86136
74435
11570
90680
95088
94089
69275
83652
44163
8955
87108
15012
51343
64204
26307
79403
38877
7968
9553
53449
46920
49241
81621
86490
36603
1638
65875
58135
86753
14033
66089
72889
88468
77660
63569
83557
71749
32844
67209
15913
41800
54318
30926
93143
18522
57233
72546
57400
65201
82100
10850
12122
31341
92472
98613
67944
94111
64488
26080
80864
78522
92170
53753
66990
69830
17322
50547
41580
50167
17757
57494
91967
72075
88420
85111
90597
45654
57658
47998
10855
39758
58848
22978
71100
51320
21591
39044
45431
86079
65125
26295
64601
57295
80049
31592
27126
97371
82140
68707
47539
99897
26201
39507
71973
14621
24619
62571
60276
82277
10569
71132
22036
69417
94110
93136
20738
15701
32181
66169
1781
97306
92465
66383
54602
72514
97975
81728
69886
80116
50435
17426
80014
76637
56933
51987
91259
81553
14558
51535
63830
25128
22667
85866
94545
16777
79003
15283
32479
11184
81453
34260
8490
73919
643
63093
46434
98619
44821
16320
78736
95257
33747
58750
71894
90681
10738
63154
72234
25297
14689
36065
50425
37357
21932
44970
54135
935
60254
86614
12119
41708
20875
20610
15628
21519
83703
62062
20139
28525
78383
98875
23782
12130
57626
95677
2812
68364
58832
75046
93661
73521
11111
44086
10879
33043
89057
65014
33979
49312
51629
46098
91021
72504
66709
6649
94023
50412
68712
14162
78938
47095
13037
2720
59226
70664
98398
62038
39028
57230
37085
32690
30752
48197
76776
41631
81241
65834
6646
15220
15146
58275
61318
6168
30779
28028
12817
24803
78441
81530
38965
57379
28626
52003
60100
87852
22667
58498
49891
61696
15729
86977
94386
46481
35174
71163
88113
16415
36997
94760
31635
52144
53035
92954
58312
83815
20982
71130
8618
99424
52660
47584
56803
81286
99588
16903
69139
22255
75402
19031
83952
91132
6008
78338
37614
41182
49501
25728
57598
86498
20488
89233
38643
73523
82188
96956
57338
3171
68086
65957
2595
20747
13541
59398
2034
13129
76302
71174
35385
51705
90205
19337
42838
96214
97675
80452
37397
47177
6180
94995
33676
26668
84229
72319
192
66417
69275
57531
69589
37362
23488
72184
58110
37030
31582
60145
50160
7885
31319
85545
59591
21525
4883
2429
17740
2559
82882
55137
49736
89062
50133
83412
15731
34363
55732
15924
780
25007
73455
70369
62370
96944
42554
20480
33975
74137
80625
84135
82022
11945
69680
41614
33471
74563
44044
51211
77122
26926
6349
26859
15989
56482
10271
31720
90845
66003
47645
91626
91011
21101
61996
53381
18046
4550
73862
52021
78687
54488
36156
60710
66433
5837
2325
99905
80401
46369
51117
57524
73295
57466
84383
89284
13949
94655
21005
4794
60659
68650
96421
51670
89752
58418
5052
7798
62969
78915
59819
41657
33403
95976
2367
99837
1813
4692
99742
82214
51062
50859
39738
24357
8325
24122
13641
22275
18777
34647
27070
79436
3298
23491
31107
93050
81910
