45379
78181
37201
88682
50392
99119
85042
83670
95029
28083
12771
66330
66852
40398
48447
20220
58314
13779
72972
55747
32899
62843
37358
56218
65440
78853
31707
49380
18615
78042
80442
63995
56223
17643
52677
6615
16763
37720
90286
11793
65804
3057
78124
32657
43456
26571
52877
1770
40351
25849
57517
73251
88693
94876
29469
54133
73729
61176
3514
92345
39218
83956
56340
95442
1600
9018
2058
18364
46739
92344
30158
12543
95402
8282
45200
38858
34854
98078
40629
75206
23927
98146
48457
12621
93023
77926
66754
66753
39103
70268
59098
78322
54225
15439
73764
55825
24458
75822
74190
71197
68167
4348
83741
63570
12630
28942
2428
47485
27020
43057
22691
50947
41204
71148
63568
34228
49075
30323
981
88178
591
60080
66500
54817
75519
40265
10643
99977
16088
84833
71175
84255
89181
54916
47825
1812
83858
50254
49297
10879
93312
71989
61827
34516
43138
25396
68744
92213
55719
69726
80392
56311
29806
46893
11128
5326
87158
21771
5304
3247
6604
76479
87502
95786
31396
35328
97598
15255
85582
46896
26134
78895
18885
87962
13411
62023
13358
82156
54237
69077
51883
34630
25388
81689
81523
36517
87016
68682
58289
92320
71929
64893
68800
59432
60680
197
94761
58279
15453
80343
5175
41588
59239
24061
29550
72650
86085
42908
54807
40323
11985
6690
74953
37374
88380
56477
73892
75396
25160
32181
67717
97090
97075
36518
56522
57755
36716
51283
16035
52169
31627
21210
93757
90866
45272
23307
63517
31358
66216
18325
71681
78202
25016
46635
15577
13396
3113
89469
88793
28273
21650
56511
25363
18725
93029
81886
76481
29745
33170
92516
81915
64798
13727
75672
55665
58999
98980
19183
90358
65196
37508
62039
43398
62524
8674
58975
75921
11788
48445
64714
40061
70095
21226
65425
88821
14256
47312
65302
44001
80483
57819
25916
45281
71546
1589
947
30546
569
20130
20904
65766
57639
82944
9165
20164
91619
68141
96085
3407
16586
60800
43469
86681
82026
8895
75503
96282
56207
40806
40284
36690
98625
66201
81972
70172
67790
82920
719
68360
3050
21624
34126
60690
4568
43292
80854
96188
11433
76939
99596
28019
37739
43065
14701
19766
51960
90204
16049
8168
31010
56333
44859
29636
22534
26831
99808
90325
9751
528
58685
12802
22152
92812
73492
26721
36104
54346
22909
47537
31286
22505
75557
69026
65571
90259
88793
17531
80463
4842
25700
11474
61175
70559
41111
83710
97390
40920
74035
7142
41448
32721
19944
63600
25533
93437
90322
61638
47784
13231
9176
79070
35737
84734
48097
1308
74993
36890
18840
55457
41732
44540
66931
2908
15099
8043
86618
12490
48963
60654
19632
90411
93375
39577
54012
18909
33014
44334
80548
80799
57566
89725
59870
93303
74459
7967
94611
49452
44858
13452
4909
86591
57992
71841
89499
73091
79884
76118
85581
28848
36772
5214
19259
30148
44791
73272
49058
77806
17606
29607
58606
75172
19332
18476
68476
93791
26444
63088
43244
71302
76540
48154
57894
34533
19996
47393
7624
99880
23512
93206
28729
60285
98421
47989
90434
43212
21261
39492
21019
38868
69100
79625
14041
88432
98101
82517
82224
24546
45605
25468
95849
22146
73622
53743
56679
93618
1137
64304
93499
24649
57510
22229
84934
55931
70218
75368
99144
91479
14861
20164
30348
83961
99789
44389
72393
97891
26906
54618
22437
72512
80086
18286
94658
53709
72030
51337
47328
73167
15641
40828
97816
73152
63058
82751
29084
33276
58119
28229
24756
72981
48393
55104
56942
48183
99493
29336
46074
26399
83954
68512
98912
64041
86799
93570
17751
58829
44908
65080
31997
60550
5909
29813
33703
68967
12564
62788
2243
70684
91017
26999
43666
39411
82103
608
87594
81597
29945
33669
7997
13899
2182
6909
77941
88981
480
95692
47811
45389
60773
79809
5939
66682
9623
39643
35649
22188
2431
37892
92872
93449
64892
36538
32860
46996
37147
20455
28593
67092
54124
36591
80992
56306
43500
58934
45288
43981
54627
93100
89370
15400
72909
95310
82082
82533
34953
17731
4721
37384
55624
97593
30834
20516
34132
63694
67512
71280
84149
96106
38373
38274
32697
19365
94581
76198
78300
39870
20179
32927
32970
9549
48327
5880
4859
30409
88413
39813
48140
93134
77198
3765
90728
8032
24281
24861
71726
91794
96141
55876
87900
34514
94151
20598
53880
88732
96796
32181
28602
16976
65108
61573
26526
13435
67454
31385
43844
55868
71199
91985
49003
48397
95750
39731
56429
20032
64593
28156
11826
60735
84033
99727
95250
78184
20325
49131
66916
17122
81312
95519
34098
46420
57092
60624
59855
24547
92010
3700
80415
63210
95686
29418
11607
91437
69150
68036
11469
33744
96193
23295
94479
80226
23023
89729
58411
43349
38860
25328
60471
20172
20847
94570
66593
77940
55195
26448
2488
47206
30149
82903
10416
25835
12322
22023
17272
81473
90060
28741
15217
86254
52037
9696
66481
75061
99426
24892
18410
38286
50220
78882
58459
71068
73452
25052
49009
28648
51501
51497
75854
81650
34401
86271
7485
46724
8294
24758
28197
98355
53500
43415
84609
5538
53112
51090
80599
52538
75983
99010
90825
26203
77892
49284
97272
51345
74337
46282
79993
25838
97779
55848
7489
32181
42119
14975
78905
50413
39733
7103
48769
93234
50518
33379
98772
3630
84469
79372
56169
60452
78382
46994
86656
56274
96279
83929
7619
70617
30211
87613
96456
27991
43461
3945
60172
85580
18921
39078
35994
58655
46182
84763
51889
96700
18142
50662
331
2612
30034
56500
63065
8417
3495
49722
64692
99775
33651
72311
70392
63863
59924
66848
91854
3385
70794
52027
88965
89715
91105
24959
48370
37287
9723
260
33988
27865
50922
34320
30478
80957
90821
93543
89374
94316
43265
54066
94092
76917
26378
64484
40780
86303
31333
32634
89689
2127
84662
78654
91843
75767
3614
40213
13055
13338
40474
47044
41203
91396
81364
71682
72354
72185
65225
61729
66502
8491
15795
60594
85408
42174
25079
26189
28477
56412
58824
18166
58540
43486
96821
50383
19253
436
90597
32309
13774
31071
79353
54978
22468
60717
26660
94823
32903
91886
56552
99405
377
72348
60000
85786
14522
85079
11976
43000
41492
70800
61167
32
14286
57988
50416
33540
58425
41014
65850
72199
72086
45203
27178
94555
5921
53838
89378
38824
45725
45930
38230
46102
18278
98231
31889
32801
83311
43865
75801
